 ABUNDANCES                                                          
	Asplund, Grevesse, Sauval, Scott (2009)                                
	As, Se, Br, Cd, Sb, Te, I, Cs, Ta, Re, Pt, Hg, Bi, U from ABUNDANCES (Anders & Grevesse (1989))
	
  Atom  Abundance
______________________________________________________________________
   1    12.0000
   2    10.9300
   3    1.05000
   4    1.38000
   5    2.70000
   6    8.43000
   7    7.83000
   8    8.69000
   9    4.56000
   10    7.93000
   11    6.24000
   12    7.60000
   13    6.45000
   14    7.51000
   15    5.41000
   16    7.12000
   17    5.50000
   18    6.40000
   19    5.03000
   20    6.34000
   21    3.15000
   22    4.95000
   23    3.93000
   24    5.64000
   25    5.43000
   26    7.50000
   27    4.99000
   28    6.22000
   29    4.19000
   30    4.56000
   31    3.04000
   32    3.65000
   33    2.37000
   34    3.35000
   35    2.63000
   36    3.25000
   37    2.52000
   38    2.87000
   39    2.21000
   40    2.58000
   41    1.46000
   42    1.88000
   43  0.
   44    1.75000
   45    0.91000
   46    1.57000
   47    0.94000
   48    1.86000
   49    0.80000
   50    2.04000
   51    1.00000
   52    2.24000
   53    1.51000
   54    2.24000
   55    1.12000
   56    2.18000
   57    1.10000
   58    1.58000
   59    0.72000
   60    1.42000
   61  0.
   62    0.96000
   63    0.52000
   64    1.07000
   65    0.30000
   66    1.10000
   67    0.48000
   68   0.920000
   69   0.100000
   70    0.84000
   71   0.100000
   72   0.850000
   73   0.130000
   74   0.850000
   75   0.270000
   76    1.40000
   77    1.38000
   78    1.80000
   79   0.920000
   80    1.09000
   81   0.900000
   82    1.75000
   83   0.710000
   84   -8.00000
   85   -8.00000
   86   -8.00000
   87   -8.00000
   88   -8.00000
   89   -8.00000
   90   0.020000
   91   -8.00000
   92  -0.490000
